# Created by Octave 4.0.2, Fri Aug 05 16:20:52 2016 EDT <hugomilan@Milan-Ubuntu1604>
# name: errormsg
# type: sq_string
# elements: 0


# name: nN
# type: scalar
29


# name: vertexmat
# type: matrix
# rows: 29
# columns: 3
 0 0 0
 1 0 0
 0 1 0
 1 1 0
 0.2499999999994083 0 0
 0.4999999999986718 0 0
 0.7499999999993359 0 0
 1 0.7500000000004128 0
 1 0.5000000000013305 0
 1 0.2500000000006652 0
 0.7500000000004128 1 0
 0.5000000000013305 1 0
 0.2500000000006652 1 0
 0 0.7500000000004128 0
 0 0.5000000000013305 0
 0 0.2500000000006652 0
 0.5000000000000032 0.4999999999999551 0
 0.7083333333333561 0.7083333333333561 0
 0.2916666666665839 0.7083333333332364 0
 0.2916666666667735 0.291666666666564 0
 0.7083333333332964 0.2916666666667035 0
 0.4999999999999494 0.779761904761858 0
 0.779761904761908 0.5000000000000194 0
 0.2202380952381002 0.4999999999998677 0
 0.5000000000000588 0.2202380952380358 0
 0.8480320699708268 0.8480320699708268 0
 0.1614583333334962 0.8385416666668857 0
 0.1614583333331026 0.1614583333335478 0
 0.8453205261697154 0.154679473830285 0


# name: ntags
# type: matrix
# rows: 6
# columns: 9
 0 0 0 0 0 0 0 0 0
 10 4 0 0 0 0 0 0 0
 8 4 0 0 0 0 0 0 0
 11 4 0 0 0 0 0 0 0
 9 4 0 0 0 0 0 0 0
 7 0 40 0 0 0 0 0 0


# name: nEm1
# type: matrix
# rows: 16
# columns: 3
 10 1 5
 10 5 6
 10 6 7
 10 7 2
 8 4 8
 8 8 9
 8 9 10
 8 10 2
 11 4 11
 11 11 12
 11 12 13
 11 13 3
 9 3 14
 9 14 15
 9 15 16
 9 16 1


# name: nEm2
# type: matrix
# rows: 40
# columns: 4
 7 11 22 18
 7 8 18 23
 7 14 24 19
 7 5 25 20
 7 13 19 22
 7 16 20 24
 7 10 23 21
 7 7 21 25
 7 12 22 11
 7 15 24 14
 7 9 8 23
 7 6 25 5
 7 12 13 22
 7 9 23 10
 7 15 16 24
 7 6 7 25
 7 17 18 22
 7 17 23 18
 7 17 22 19
 7 17 19 24
 7 17 24 20
 7 17 20 25
 7 17 21 23
 7 17 25 21
 7 8 26 18
 7 11 18 26
 7 14 19 27
 7 5 20 28
 7 16 28 20
 7 13 27 19
 7 7 29 21
 7 10 21 29
 7 4 26 8
 7 4 11 26
 7 1 28 16
 7 3 27 13
 7 3 14 27
 7 1 5 28
 7 2 10 29
 7 2 29 7


# name: nEm3
# type: matrix
# rows: 0
# columns: 5


# name: nEm4
# type: matrix
# rows: 0
# columns: 5


# name: nEm5
# type: matrix
# rows: 0
# columns: 9


# name: nEm6
# type: matrix
# rows: 0
# columns: 7


# name: nEm7
# type: matrix
# rows: 0
# columns: 6


# name: nEm15
# type: matrix
# rows: 0
# columns: 2


