% tlmbht 0.2.0-alpha
% Output file created in 2017-2-9 16:38:59
% Solved for 1 equation(s)
% The variable of each equation is followedby '_' and the number of the equation
save_1 = [1, 1, 1];
numbers_1 = [47, 94, 48, 143, 143];
% Dynamic Solution for equation group 1
times_1 = [0.1 1 0.001 100 10];
Points_Output_1 = [
5.1991579392810395e-07, 0, 0
1.6132691237300922e-06, 0, 0
2.8191757714039241e-06, 0, 0
4.1492224999364004e-06, 0, 0
5.616188614085193e-06, 0, 0
7.2341692253531634e-06, 0, 0
9.0187100683166068e-06, 0, 0
1.0986957300055293e-05, 0, 0
1.3157822419871265e-05, 0, 0
1.555216352047034e-05, 0, 0
1.8192986158979643e-05, 0, 0
2.1105663935340895e-05, 0, 0
2.4318182421972086e-05, 0, 0
2.7861408213692182e-05, 0, 0
3.176938532116022e-05, 0, 0
3.6079662390921117e-05, 0, 0
4.0833653676206283e-05, 0, 0
4.6077036422578942e-05, 0, 0
5.1860190546152948e-05, 0, 0
5.8238681686143128e-05, 0, 0
6.527379604058776e-05, 0, 0
7.3033128731495506e-05, 0, 0
8.1591232241272192e-05, 0, 0
9.1030334765088738e-05, 0, 0
0.00010144112987549111, 0, 0
0.00011292364745121145, 0, 0
0.00012558821459147148, 0, 0
0.00013955651347042819, 0, 0
0.00015496275365289844, 0, 0
0.00017195496343986937, 0, 0
0.00019069640805308529, 0, 0
0.00021136715898977221, 0, 0
0.00023416582558130275, 0, 0
0.00025931146439157979, 0, 0
0.00028704567797560316, 0, 0
0.0003176349411923438, 0, 0
0.00035137316438388789, 0, 0
0.00038858451108191115, 0, 0
0.00042962651756034366, 0, 0
0.00047489352552577979, 0, 0
0.00052482046990279501, 0, 0
0.00057988706276722985, 0, 0
0.00064062239112192454, 0, 0
0.00070761000970646112, 0, 0
0.00078149355633922086, 0, 0
0.00086298292045707968, 0, 0
0.0009528610681765119, 0, 0
0, 0, 0
1.0398315878562079e-06, 0, 0
2.1867066596039763e-06, 0, 0
3.4516448832038719e-06, 0, 0
4.8468001166689281e-06, 0, 0
6.3855771115014579e-06, 0, 0
8.0827613392048689e-06, 0, 0
9.9546587974283447e-06, 0, 0
1.201925580268224e-05, 0, 0
1.4296389037060291e-05, 0, 0
1.6807938003880389e-05, 0, 0
1.95780343140789e-05, 0, 0
2.263329355660289e-05, 0, 0
2.600307128734128e-05, 0, 0
2.971974514004308e-05, 0, 0
3.3819025502277362e-05, 0, 0
3.8340299279564871e-05, 0, 0
4.3327008072847695e-05, 0, 0
4.8827064772310181e-05, 0, 0
5.4893316319995721e-05, 0, 0
6.1584047052290543e-05, 0, 0
6.8963545028884977e-05, 0, 0
7.7102712434106021e-05, 0, 0
8.6079752048438349e-05, 0, 0
9.5980917481739127e-05, 0, 0
0.0001069013422692431, 0, 0
0.0001189459526331798, 0, 0
0.00013223047654976319, 0, 0
0.0001468825503910932, 0, 0
0.00016304295691470369, 0, 0
0.00018086696996503509, 0, 0
0.00020052584614113549, 0, 0
0.00022220847183840889, 0, 0
0.00024612317932419661, 0, 0
0.00027249974945896298, 0, 0
0.00030159160649224334, 0, 0
0.00033367827589244432, 0, 0
0.00036906805287533151, 0, 0
0.00040810096928849083, 0, 0
0.00045115206583219643, 0, 0
0.0004986349852193632, 0, 0
0.00055100595458622682, 0, 0
0.00060876817094823298, 0, 0
0.0006724766112956161, 0, 0
0.00074274340811730604, 0, 0
0.00082024370456113558, 0, 0
0.0009057221363530239, 0, 0
0.001, 0, 0
-1, 0, 0
1, 0, 0
1, 0, 0
1, 0, 0
1, 0, 0
1, 0, 0
1, 0, 0
1, 0, 0
1, 0, 0
1, 0, 0
1, 0, 0
1, 0, 0
1, 0, 0
1, 0, 0
1, 0, 0
1, 0, 0
1, 0, 0
1, 0, 0
1, 0, 0
1, 0, 0
1, 0, 0
1, 0, 0
1, 0, 0
1, 0, 0
1, 0, 0
1, 0, 0
1, 0, 0
1, 0, 0
1, 0, 0
1, 0, 0
1, 0, 0
1, 0, 0
1, 0, 0
1, 0, 0
1, 0, 0
1, 0, 0
1, 0, 0
1, 0, 0
1, 0, 0
1, 0, 0
1, 0, 0
1, 0, 0
1, 0, 0
1, 0, 0
1, 0, 0
1, 0, 0
1, 0, 0
1, 0, 0];

output_1(:,1) = [
90.353707605771149;
70.634037784812207;
50.611800873250843;
31.384895152471028;
14.068744954411049;
-0.31236304921787855;
-10.902687332689723;
-17.094295336052689;
-18.595905097179411;
-15.458594901032184;
-8.0987994199648625;
2.7222838304251633;
15.964042727755634;
30.349373803847044;
44.533317361877863;
57.125487341785735;
66.916759125335957;
72.883014724867394;
74.392388601462244;
71.204305861003817;
63.533146531583952;
52.07416558058145;
37.928283768214264;
22.607853575581505;
7.8387780858197456;
-4.4787943963990582;
-12.426464115016733;
-14.29965645627605;
-8.6726993342859178;
5.3132984224244844;
27.771538752818469;
57.802717868081295;
93.198946891151081;
130.18430124550221;
163.29139456044635;
185.67609714237159;
190.32952324786888;
172.76209617526311;
135.34647914181443;
91.883796271237642;
67.456556857084649;
85.203395327931744;
137.67021735146662;
170.62598102137434;
143.70954145862888;
135.96231526573445;
207.21130096750758;
100;
83.575167431870653;
66.441577391938381;
49.474818697626098;
33.644595429469248;
19.849476559001115;
8.8889522042025586;
1.3769510622517243;
-2.3359775073048343;
-2.1667795935826928;
1.6319590964334707;
8.524790881665318;
17.690681068878288;
28.097107252944134;
38.5978316938888;
47.996442462716011;
55.206707932037745;
59.293055825735408;
59.61888467339503;
55.898782140544363;
48.234171062647519;
37.158074959498549;
23.544488617332508;
8.6406834385633235;
-6.1062641226700656;
-19.14626646769165;
-28.959036420639716;
-34.239523283278452;
-34.089786905375448;
-28.230674519083394;
-17.224274623043847;
-2.8029542038621895;
11.860639433672166;
21.783290922653222;
19.942743992650232;
-2.7061825806058808;
-56.582677067312922;
-151.78154218193217;
-295.11577455314091;
-486.78798018919161;
-720.0794343091236;
-990.38945367227711;
-1317.5769895884787;
-1767.018708848495;
-2425.3957365200768;
-3324.4893411226981;
-4502.0446174391964;
200;
-3149.0445915440509;
3065.8993337503512;
2836.5461650462207;
2487.4543633621392;
2049.09125064511;
1553.7590125162792;
1033.5069838719155;
518.00759174341431;
33.305262680158307;
-399.61802470573474;
-765.269970591782;
-1053.978178496817;
-1261.8571569774456;
-1389.8959697341759;
-1443.7729962233411;
-1432.1001855214429;
-1366.3017678922286;
-1258.7639053419477;
-1122.5609367361737;
-970.13143716516061;
-812.83937164722408;
-660.58294686761803;
-521.23975803545193;
-400.80268256070616;
-303.15679687139834;
-230.4576200578916;
-183.23308942734604;
-160.54201153360782;
-160.58845184200788;
-180.52986567773814;
-216.9555611009072;
-265.69099097445741;
-321.71739080078811;
-378.83181353006819;
-429.28289461033569;
-463.65878524580438;
-471.64054367213174;
-444.62031663222393;
-381.22036624752178;
-295.40255341747633;
-222.29316315443879;
-208.6889141033059;
-272.36447716507126;
-344.78574646322454;
-297.84628925958106;
-155.61681646577543;
-158.76595429772343;
-156.65283263425505;];

